00000 0001 100
00001 0001 100
00002 0001 100
00003 0001 100
00004 0002 100
00005 0002 100
00006 0002 100
00007 0002 100
00008 0003 100
00009 0003 100
00010 0003 100
00011 0003 100
00012 0005 100
00013 0005 100
00014 0005 100
00015 0005 100
00016 0006 100
00017 0006 100
00018 0006 100
00019 0006 100
00020 0007 100
00021 0007 100
00022 0007 100
00023 0007 100
00024 0009 100
00025 0009 100
00026 0009 100
00027 0009 100
00028 0010 100
00029 0010 100
00030 0010 100
00031 0010 100
00032 0011 100
00033 0011 100
00034 0011 100
00035 0011 100